
 env ramp increment : 21474836
env atk/sus:
0.069725
0.131071
0.185123
0.232825
0.275000
0.312362
0.345535
0.375061
0.401413
0.425000
0.446181
0.465268
0.482531
0.498206
0.512500
0.525591
0.537634
0.548765
0.559103
0.568750
0.577795
0.586317
0.594383
0.602052
0.609375
0.616398
0.623158
0.629691
0.636026
0.642187
0.648199
0.654079
0.659846
0.665513
0.671094
0.676599
0.682040
0.687423
0.692756
0.698047
0.703300
0.708520
0.713711
0.718878
0.724023
0.729150
0.734260
0.739356
0.744439
0.749512
0.754575
0.759630
0.764678
0.769720
0.774756
0.779787
0.784815
0.789839
0.794860
0.799878
0.804894
0.809907
0.814919
0.819930
0.824939
0.829947
0.834954
0.839960
0.844965
0.849969
0.854973
0.859977
0.864980
0.869982
0.874985
0.879987
0.884988
0.889990
0.894991
0.899992
0.904993
0.909994
0.914995
0.919996
0.924996
0.929997
0.934997
0.939997
0.944998
0.949998
0.954998
0.959999
0.964999
0.969999
0.974999
0.979999
0.984999
0.989999
0.994999
1.000000
1.000000
1.000000
1.000000
1.000000
1.000000
1.000000
1.000000
1.000000
1.000000
1.000000
1.000000
1.000000
1.000000
1.000000
1.000000
1.000000
1.000000
1.000000
1.000000
1.000000
1.000000
1.000000
1.000000
1.000000
1.000000
1.000000
1.000000
1.000000
1.000000
1.000000
1.000000
1.000000
1.000000
1.000000
1.000000
1.000000
1.000000
1.000000
1.000000
1.000000
1.000000
1.000000
1.000000
1.000000
1.000000
1.000000
1.000000
1.000000
1.000000
1.000000

env release:
0.992616
0.985327
0.978132
0.971029
0.964016
0.957094
0.950260
0.943512
0.936851
0.930275
0.923783
0.917373
0.911044
0.904795
0.898626
0.892535
0.886521
0.880582
0.874719
0.868929
0.863212
0.857567
0.851993
0.846489
0.841053
0.835686
0.830385
0.825151
0.819982
0.814877
0.809835
0.804856
0.799939
0.795083
0.790286
0.785549
0.780870
0.776248
0.771683
0.767174
0.762721
0.758322
0.753976
0.749684
0.745443
0.741254
0.737116
0.733028
0.728990
0.725000
0.721058
0.717164
0.713316
0.709514
0.705758
0.702047
0.698380
0.694756
0.691176
0.687638
0.684141
0.680686
0.677272
0.673898
0.670563
0.667267
0.664010
0.660791
0.657609
0.654464
0.651356
0.648284
0.645247
0.642244
0.639277
0.636343
0.633443
0.630575
0.627741
0.624938
0.622168
0.619428
0.616719
0.614041
0.611393
0.608774
0.606185
0.603624
0.601092
0.598587
0.596110
0.593661
0.591238
0.588842
0.586472
0.584127
0.581808
0.579514
0.577245
0.575000
0.572779
0.570582
0.568408
0.566257
0.564129
0.562023
0.559940
0.557878
0.555838
0.553819
0.551821
0.549843
0.547886
0.545949
0.544032
0.542134
0.540255
0.538396
0.536555
0.534732
0.532928
0.531142
0.529373
0.527622
0.525888
0.524171
0.522471
0.520788
0.519120
0.517469
0.515834
0.514214
0.512610
0.511021
0.509446
0.507887
0.506342
0.504812
0.503296
0.501794
0.500305
0.498830
0.497369
0.495921
0.494486
0.493064
0.491654
0.490257
0.488872
0.487500
0.486140
0.484791
0.483454
0.482129
0.480815
0.479512
0.478220
0.476939
0.475669
0.474409
0.473160
0.471922
0.470693
0.469474
0.468266
0.467067
0.465878
0.464698
0.463527
0.462366
0.461214
0.460071
0.458937
0.457811
0.456694
0.455586
0.454486
0.453394
0.452310
0.451235
0.450167
0.449107
0.448055
0.447010
0.445973
0.444944
0.443921
0.442906
0.441898
0.440897
0.439903
0.438915
0.437935
0.436960
0.435993
0.435032
0.434077
0.433129
0.432186
0.431250
0.430320
0.429395
0.428477
0.427564
0.426657
0.425756
0.424860
0.423970
0.423084
0.422205
0.421330
0.420461
0.419596
0.418737
0.417883
0.417033
0.416189
0.415349
0.414514
0.413683
0.412857
0.412035
0.411218
0.410406
0.409597
0.408793
0.407993
0.407197
0.406405
0.405617
0.404833
0.404054
0.403277
0.402505
0.401737
0.400972
0.400211
0.399453
0.398699
0.397948
0.397201
0.396458
0.395717
0.394980
0.394246
0.393516
0.392789
0.392064
0.391343
0.390625
0.389910
0.389198
0.388489
0.387782
0.387079
0.386378
0.385680
0.384985
0.384292
0.383602
0.382915
0.382230
0.381548
0.380869
0.380191
0.379517
0.378844
0.378174
0.377507
0.376842
0.376179
0.375518
0.374859
0.374203
0.373549
0.372896
0.372246
0.371598
0.370953
0.370309
0.369667
0.369027
0.368389
0.367753
0.367118
0.366486
0.365855
0.365227
0.364599
0.363974
0.363351
0.362729
0.362109
0.361490
0.360873
0.360258
0.359644
0.359032
0.358422
0.357813
0.357205
0.356599
0.355994
0.355391
0.354789
0.354189
0.353590
0.352992
0.352396
0.351801
0.351208
0.350615
0.350024
0.349434
0.348846
0.348258
0.347672
0.347087
0.346503
0.345921
0.345339
0.344759
0.344180
0.343601
0.343024
0.342448
0.341873
0.341299
0.340726
0.340154
0.339583
0.339013
0.338444
0.337876
0.337309
0.336743
0.336178
0.335613
0.335050
0.334487
0.333925
0.333364
0.332804
0.332245
0.331687
0.331129
0.330572
0.330016
0.329461
0.328906
0.328353
0.327799
0.327247
0.326696
0.326145
0.325595
0.325045
0.324496
0.323948
0.323401
0.322854
0.322308
0.321762
0.321217
0.320673
0.320129
0.319586
0.319044
0.318502
0.317960
0.317420
0.316879
0.316340
0.315801
0.315262
0.314724
0.314187
0.313650
0.313113
0.312577
0.312042
0.311507
0.310972
0.310438
0.309905
0.309372
0.308839
0.308307
0.307775
0.307244
0.306713
0.306182
0.305652
0.305123
0.304593
0.304065
0.303536
0.303008
0.302480
0.301953
0.301426
0.300900
0.300374
0.299848
0.299322
0.298797
0.298273
0.297748
0.297224
0.296700
0.296177
0.295654
0.295131
0.294609
0.294086
0.293565
0.293043
0.292522
0.292001
0.291480
0.290960
0.290440
0.289920
0.289400
0.288881
0.288362
0.287843
0.287325
0.286807
0.286289
0.285771
0.285253
0.284736
0.284219
0.283702
0.283186
0.282669
0.282153
0.281637
0.281122
0.280606
0.280091
0.279576
0.279061
0.278547
0.278032
0.277518
0.277004
0.276490
0.275977
0.275463
0.274950
0.274437
0.273924
0.273411
0.272899
0.272386
0.271874
0.271362
0.270850
0.270339
0.269827
0.269316
0.268804
0.268293
0.267782
0.267272
0.266761
0.266250
0.265740
0.265230
0.264720
0.264210
0.263700
0.263191
0.262681
0.262172
0.261662
0.261153
0.260644
0.260135
0.259627
0.259118
0.258610
0.258101
0.257593
0.257085
0.256577
0.256069
0.255561
0.255053
0.254546
0.254038
0.253531
0.253023
0.252516
0.252009
0.251502
0.250995
0.250488
0.249982
0.249475
0.248968
0.248462
0.247956
0.247449
0.246943
0.246437
0.245931
0.245425
0.244919
0.244414
0.243908
0.243402
0.242897
0.242391
0.241886
0.241381
0.240875
0.240370
0.239865
0.239360
0.238855
0.238350
0.237845
0.237341
0.236836
0.236331
0.235827
0.235322
0.234818
0.234313
0.233809
0.233305
0.232801
0.232297
0.231792
0.231288
0.230784
0.230281
0.229777
0.229273
0.228769
0.228265
0.227762
0.227258
0.226755
0.226251
0.225748
0.225244
0.224741
0.224238
0.223734
0.223231
0.222728
0.222225
0.221722
0.221219
0.220716
0.220213
0.219710
0.219207
0.218704
0.218201
0.217698
0.217196
0.216693
0.216190
0.215688
0.215185
0.214683
0.214180
0.213678
0.213175
0.212673
0.212170
0.211668
0.211166
0.210663
0.210161
0.209659
0.209157
0.208655
0.208152
0.207650
0.207148
0.206646
0.206144
0.205642
0.205140
0.204638
0.204136
0.203635
0.203133
0.202631
0.202129
0.201627
0.201126
0.200624
0.200122
0.199620
0.199119
0.198617
0.198116
0.197614
0.197112
0.196611
0.196109
0.195608
0.195106
0.194605
0.194103
0.193602
0.193101
0.192599
0.192098
0.191597
0.191095
0.190594
0.190093
0.189591
0.189090
0.188589
0.188088
0.187586
0.187085
0.186584
0.186083
0.185582
0.185081
0.184580
0.184078
0.183577
0.183076
0.182575
0.182074
0.181573
0.181072
0.180571
0.180070
0.179569
0.179068
0.178567
0.178066
0.177566
0.177065
0.176564
0.176063
0.175562
0.175061
0.174560
0.174059
0.173559
0.173058
0.172557
0.172056
0.171555
0.171055
0.170554
0.170053
0.169552
0.169052
0.168551
